{
    "version_major": 1,
    "version_minor": 0,
    "class_name": "PinholeCameraTrajectory",
    "parameters": [
        {
            "version_major": 1,
            "version_minor": 0,
            "class_name": "PinholeCameraParameters",
            "intrinsic": {
                "width": 512,
                "height": 512,
                "intrinsic_matrix": [
                    512,
                    0,
                    0,
                    0,
                    512,
                    0,
                    255.5,
                    255.5,
                    1
                ]
            },
            "extrinsic": [
                1.0,
                -6.123234262925839e-17,
                1.0605753133874788e-16,
                0.0,
                -1.2246468525851679e-16,
                -0.5,
                0.8660253882408142,
                0.0,
                -9.377465681678995e-25,
                -0.8660253882408142,
                -0.5,
                0.0,
                7.29946406236391e-24,
                2.9802322387695312e-08,
                3.0,
                1.0
            ]
        },
        {
            "version_major": 1,
            "version_minor": 0,
            "class_name": "PinholeCameraParameters",
            "intrinsic": {
                "width": 512,
                "height": 512,
                "intrinsic_matrix": [
                    512,
                    0,
                    0,
                    0,
                    512,
                    0,
                    255.5,
                    255.5,
                    1
                ]
            },
            "extrinsic": [
                0.9510564804077148,
                -0.15450850129127502,
                0.2676165699958801,
                0.0,
                -0.30901700258255005,
                -0.4755282700061798,
                0.8236390948295593,
                0.0,
                2.408111043905592e-09,
                -0.8660253882408142,
                -0.5,
                0.0,
                1.8418848668488863e-08,
                2.8343693614374388e-08,
                3.0,
                1.0
            ]
        },
        {
            "version_major": 1,
            "version_minor": 0,
            "class_name": "PinholeCameraParameters",
            "intrinsic": {
                "width": 512,
                "height": 512,
                "intrinsic_matrix": [
                    512,
                    0,
                    0,
                    0,
                    512,
                    0,
                    255.5,
                    255.5,
                    1
                ]
            },
            "extrinsic": [
                0.80901700258255,
                -0.29389262199401855,
                0.5090369582176208,
                0.0,
                -0.5877852439880371,
                -0.4045085310935974,
                0.7006292939186096,
                0.0,
                1.4352287358576632e-08,
                -0.8660253882408142,
                -0.5,
                0.0,
                -4.8221171056184176e-08,
                1.751736711241847e-08,
                3.0,
                1.0
            ]
        },
        {
            "version_major": 1,
            "version_minor": 0,
            "class_name": "PinholeCameraParameters",
            "intrinsic": {
                "width": 512,
                "height": 512,
                "intrinsic_matrix": [
                    512,
                    0,
                    0,
                    0,
                    512,
                    0,
                    255.5,
                    255.5,
                    1
                ]
            },
            "extrinsic": [
                0.5877852439880371,
                -0.4045085310935974,
                0.7006292939186096,
                0.0,
                -0.80901700258255,
                -0.29389262199401855,
                0.5090369582176208,
                0.0,
                -1.4352287358576632e-08,
                -0.8660253882408142,
                -0.5,
                0.0,
                4.8221171056184176e-08,
                1.751736711241847e-08,
                3.0,
                1.0
            ]
        },
        {
            "version_major": 1,
            "version_minor": 0,
            "class_name": "PinholeCameraParameters",
            "intrinsic": {
                "width": 512,
                "height": 512,
                "intrinsic_matrix": [
                    512,
                    0,
                    0,
                    0,
                    512,
                    0,
                    255.5,
                    255.5,
                    1
                ]
            },
            "extrinsic": [
                0.30901700258255005,
                -0.4755282700061798,
                0.8236390948295593,
                0.0,
                -0.9510564804077148,
                -0.15450850129127502,
                0.2676165699958801,
                0.0,
                -2.408111043905592e-09,
                -0.8660253882408142,
                -0.5,
                0.0,
                -1.8418848668488863e-08,
                2.8343693614374388e-08,
                3.0,
                1.0
            ]
        },
        {
            "version_major": 1,
            "version_minor": 0,
            "class_name": "PinholeCameraParameters",
            "intrinsic": {
                "width": 512,
                "height": 512,
                "intrinsic_matrix": [
                    512,
                    0,
                    0,
                    0,
                    512,
                    0,
                    255.5,
                    255.5,
                    1
                ]
            },
            "extrinsic": [
                -6.123234262925839e-17,
                -0.5,
                0.8660253882408142,
                0.0,
                -1.0,
                3.0616171314629196e-17,
                -5.302876566937394e-17,
                0.0,
                -4.688732840839497e-25,
                -0.8660253882408142,
                -0.5,
                0.0,
                3.649732031181955e-24,
                2.9802322387695312e-08,
                3.0,
                1.0
            ]
        },
        {
            "version_major": 1,
            "version_minor": 0,
            "class_name": "PinholeCameraParameters",
            "intrinsic": {
                "width": 512,
                "height": 512,
                "intrinsic_matrix": [
                    512,
                    0,
                    0,
                    0,
                    512,
                    0,
                    255.5,
                    255.5,
                    1
                ]
            },
            "extrinsic": [
                -0.30901700258255005,
                -0.4755282700061798,
                0.8236390948295593,
                0.0,
                -0.9510564804077148,
                0.15450850129127502,
                -0.2676165699958801,
                0.0,
                2.408111043905592e-09,
                -0.8660253882408142,
                -0.5,
                0.0,
                1.8418848668488863e-08,
                2.8343693614374388e-08,
                3.0,
                1.0
            ]
        },
        {
            "version_major": 1,
            "version_minor": 0,
            "class_name": "PinholeCameraParameters",
            "intrinsic": {
                "width": 512,
                "height": 512,
                "intrinsic_matrix": [
                    512,
                    0,
                    0,
                    0,
                    512,
                    0,
                    255.5,
                    255.5,
                    1
                ]
            },
            "extrinsic": [
                -0.5877852439880371,
                -0.4045085310935974,
                0.7006292939186096,
                0.0,
                -0.80901700258255,
                0.29389262199401855,
                -0.5090369582176208,
                0.0,
                1.4352287358576632e-08,
                -0.8660253882408142,
                -0.5,
                0.0,
                -4.8221171056184176e-08,
                1.751736711241847e-08,
                3.0,
                1.0
            ]
        },
        {
            "version_major": 1,
            "version_minor": 0,
            "class_name": "PinholeCameraParameters",
            "intrinsic": {
                "width": 512,
                "height": 512,
                "intrinsic_matrix": [
                    512,
                    0,
                    0,
                    0,
                    512,
                    0,
                    255.5,
                    255.5,
                    1
                ]
            },
            "extrinsic": [
                -0.80901700258255,
                -0.29389262199401855,
                0.5090369582176208,
                0.0,
                -0.5877852439880371,
                0.4045085310935974,
                -0.7006292939186096,
                0.0,
                -1.4352287358576632e-08,
                -0.8660253882408142,
                -0.5,
                0.0,
                4.8221171056184176e-08,
                1.751736711241847e-08,
                3.0,
                1.0
            ]
        },
        {
            "version_major": 1,
            "version_minor": 0,
            "class_name": "PinholeCameraParameters",
            "intrinsic": {
                "width": 512,
                "height": 512,
                "intrinsic_matrix": [
                    512,
                    0,
                    0,
                    0,
                    512,
                    0,
                    255.5,
                    255.5,
                    1
                ]
            },
            "extrinsic": [
                -0.9510564804077148,
                -0.15450850129127502,
                0.2676165699958801,
                0.0,
                -0.30901700258255005,
                0.4755282700061798,
                -0.8236390948295593,
                0.0,
                -2.408111043905592e-09,
                -0.8660253882408142,
                -0.5,
                0.0,
                -1.8418848668488863e-08,
                2.8343693614374388e-08,
                3.0,
                1.0
            ]
        },
        {
            "version_major": 1,
            "version_minor": 0,
            "class_name": "PinholeCameraParameters",
            "intrinsic": {
                "width": 512,
                "height": 512,
                "intrinsic_matrix": [
                    512,
                    0,
                    0,
                    0,
                    512,
                    0,
                    255.5,
                    255.5,
                    1
                ]
            },
            "extrinsic": [
                -1.0,
                -0.0,
                -0.0,
                0.0,
                -0.0,
                0.5,
                -0.8660253882408142,
                0.0,
                -0.0,
                -0.8660253882408142,
                -0.5,
                0.0,
                -0.0,
                2.9802322387695312e-08,
                3.0,
                1.0
            ]
        },
        {
            "version_major": 1,
            "version_minor": 0,
            "class_name": "PinholeCameraParameters",
            "intrinsic": {
                "width": 512,
                "height": 512,
                "intrinsic_matrix": [
                    512,
                    0,
                    0,
                    0,
                    512,
                    0,
                    255.5,
                    255.5,
                    1
                ]
            },
            "extrinsic": [
                -0.9510564804077148,
                0.15450850129127502,
                -0.2676165699958801,
                0.0,
                0.30901700258255005,
                0.4755282700061798,
                -0.8236390948295593,
                0.0,
                2.408111043905592e-09,
                -0.8660253882408142,
                -0.5,
                0.0,
                1.8418848668488863e-08,
                2.8343693614374388e-08,
                3.0,
                1.0
            ]
        },
        {
            "version_major": 1,
            "version_minor": 0,
            "class_name": "PinholeCameraParameters",
            "intrinsic": {
                "width": 512,
                "height": 512,
                "intrinsic_matrix": [
                    512,
                    0,
                    0,
                    0,
                    512,
                    0,
                    255.5,
                    255.5,
                    1
                ]
            },
            "extrinsic": [
                -0.80901700258255,
                0.29389262199401855,
                -0.5090369582176208,
                0.0,
                0.5877852439880371,
                0.4045085310935974,
                -0.7006292939186096,
                0.0,
                1.4352287358576632e-08,
                -0.8660253882408142,
                -0.5,
                0.0,
                -4.8221171056184176e-08,
                1.751736711241847e-08,
                3.0,
                1.0
            ]
        },
        {
            "version_major": 1,
            "version_minor": 0,
            "class_name": "PinholeCameraParameters",
            "intrinsic": {
                "width": 512,
                "height": 512,
                "intrinsic_matrix": [
                    512,
                    0,
                    0,
                    0,
                    512,
                    0,
                    255.5,
                    255.5,
                    1
                ]
            },
            "extrinsic": [
                -0.5877852439880371,
                0.4045085310935974,
                -0.7006292939186096,
                0.0,
                0.80901700258255,
                0.29389262199401855,
                -0.5090369582176208,
                0.0,
                -1.4352287358576632e-08,
                -0.8660253882408142,
                -0.5,
                0.0,
                4.8221171056184176e-08,
                1.751736711241847e-08,
                3.0,
                1.0
            ]
        },
        {
            "version_major": 1,
            "version_minor": 0,
            "class_name": "PinholeCameraParameters",
            "intrinsic": {
                "width": 512,
                "height": 512,
                "intrinsic_matrix": [
                    512,
                    0,
                    0,
                    0,
                    512,
                    0,
                    255.5,
                    255.5,
                    1
                ]
            },
            "extrinsic": [
                -0.30901700258255005,
                0.4755282700061798,
                -0.8236390948295593,
                0.0,
                0.9510564804077148,
                0.15450850129127502,
                -0.2676165699958801,
                0.0,
                -2.408111043905592e-09,
                -0.8660253882408142,
                -0.5,
                0.0,
                -1.8418848668488863e-08,
                2.8343693614374388e-08,
                3.0,
                1.0
            ]
        },
        {
            "version_major": 1,
            "version_minor": 0,
            "class_name": "PinholeCameraParameters",
            "intrinsic": {
                "width": 512,
                "height": 512,
                "intrinsic_matrix": [
                    512,
                    0,
                    0,
                    0,
                    512,
                    0,
                    255.5,
                    255.5,
                    1
                ]
            },
            "extrinsic": [
                -6.123234262925839e-17,
                0.5,
                -0.8660253882408142,
                0.0,
                1.0,
                3.0616171314629196e-17,
                -5.302876566937394e-17,
                0.0,
                4.688732840839497e-25,
                -0.8660253882408142,
                -0.5,
                0.0,
                -3.649732031181955e-24,
                2.9802322387695312e-08,
                3.0,
                1.0
            ]
        },
        {
            "version_major": 1,
            "version_minor": 0,
            "class_name": "PinholeCameraParameters",
            "intrinsic": {
                "width": 512,
                "height": 512,
                "intrinsic_matrix": [
                    512,
                    0,
                    0,
                    0,
                    512,
                    0,
                    255.5,
                    255.5,
                    1
                ]
            },
            "extrinsic": [
                0.30901700258255005,
                0.4755282700061798,
                -0.8236390948295593,
                0.0,
                0.9510564804077148,
                -0.15450850129127502,
                0.2676165699958801,
                0.0,
                2.408111043905592e-09,
                -0.8660253882408142,
                -0.5,
                0.0,
                1.8418848668488863e-08,
                2.8343693614374388e-08,
                3.0,
                1.0
            ]
        },
        {
            "version_major": 1,
            "version_minor": 0,
            "class_name": "PinholeCameraParameters",
            "intrinsic": {
                "width": 512,
                "height": 512,
                "intrinsic_matrix": [
                    512,
                    0,
                    0,
                    0,
                    512,
                    0,
                    255.5,
                    255.5,
                    1
                ]
            },
            "extrinsic": [
                0.5877852439880371,
                0.4045085310935974,
                -0.7006292939186096,
                0.0,
                0.80901700258255,
                -0.29389262199401855,
                0.5090369582176208,
                0.0,
                1.4352287358576632e-08,
                -0.8660253882408142,
                -0.5,
                0.0,
                -4.8221171056184176e-08,
                1.751736711241847e-08,
                3.0,
                1.0
            ]
        },
        {
            "version_major": 1,
            "version_minor": 0,
            "class_name": "PinholeCameraParameters",
            "intrinsic": {
                "width": 512,
                "height": 512,
                "intrinsic_matrix": [
                    512,
                    0,
                    0,
                    0,
                    512,
                    0,
                    255.5,
                    255.5,
                    1
                ]
            },
            "extrinsic": [
                0.80901700258255,
                0.29389262199401855,
                -0.5090369582176208,
                0.0,
                0.5877852439880371,
                -0.4045085310935974,
                0.7006292939186096,
                0.0,
                -1.4352287358576632e-08,
                -0.8660253882408142,
                -0.5,
                0.0,
                4.8221171056184176e-08,
                1.751736711241847e-08,
                3.0,
                1.0
            ]
        },
        {
            "version_major": 1,
            "version_minor": 0,
            "class_name": "PinholeCameraParameters",
            "intrinsic": {
                "width": 512,
                "height": 512,
                "intrinsic_matrix": [
                    512,
                    0,
                    0,
                    0,
                    512,
                    0,
                    255.5,
                    255.5,
                    1
                ]
            },
            "extrinsic": [
                0.9510564804077148,
                0.15450850129127502,
                -0.2676165699958801,
                0.0,
                0.30901700258255005,
                -0.4755282700061798,
                0.8236390948295593,
                0.0,
                -2.408111043905592e-09,
                -0.8660253882408142,
                -0.5,
                0.0,
                -1.8418848668488863e-08,
                2.8343693614374388e-08,
                3.0,
                1.0
            ]
        }
    ]
}