{
    "version_major": 1,
    "version_minor": 0,
    "class_name": "PinholeCameraTrajectory",
    "parameters": [
        {
            "version_major": 1,
            "version_minor": 0,
            "class_name": "PinholeCameraParameters",
            "intrinsic": {
                "width": 1024,
                "height": 1024,
                "intrinsic_matrix": [
                    1024,
                    0,
                    0,
                    0,
                    1024,
                    0,
                    511.5,
                    511.5,
                    1
                ]
            },
            "extrinsic": [
                1.0,
                -8.659561265171044e-17,
                8.659561265171044e-17,
                0.0,
                -1.2246468525851679e-16,
                -0.7071067690849304,
                0.7071067690849304,
                0.0,
                -3.4449757435487836e-33,
                -0.7071067690849304,
                -0.7071067690849304,
                0.0,
                -5.935425738484533e-24,
                2.2071512053986668e-16,
                3.0,
                1.0
            ]
        },
        {
            "version_major": 1,
            "version_minor": 0,
            "class_name": "PinholeCameraParameters",
            "intrinsic": {
                "width": 1024,
                "height": 1024,
                "intrinsic_matrix": [
                    1024,
                    0,
                    0,
                    0,
                    1024,
                    0,
                    511.5,
                    511.5,
                    1
                ]
            },
            "extrinsic": [
                0.9510564804077148,
                -0.21850800514221191,
                0.21850800514221191,
                0.0,
                -0.30901700258255005,
                -0.6724985241889954,
                0.6724985241889954,
                0.0,
                4.218528479791835e-18,
                -0.7071067690849304,
                -0.7071067690849304,
                0.0,
                1.2741005583905007e-08,
                8.787332461679398e-08,
                2.999999761581421,
                1.0
            ]
        },
        {
            "version_major": 1,
            "version_minor": 0,
            "class_name": "PinholeCameraParameters",
            "intrinsic": {
                "width": 1024,
                "height": 1024,
                "intrinsic_matrix": [
                    1024,
                    0,
                    0,
                    0,
                    1024,
                    0,
                    511.5,
                    511.5,
                    1
                ]
            },
            "extrinsic": [
                0.80901700258255,
                -0.4156269431114197,
                0.4156269431114197,
                0.0,
                -0.5877852439880371,
                -0.5720614194869995,
                0.5720614194869995,
                0.0,
                -4.07265724671964e-18,
                -0.7071067690849304,
                -0.7071067690849304,
                0.0,
                9.418004509598177e-08,
                1.366153679072113e-08,
                3.0,
                1.0
            ]
        },
        {
            "version_major": 1,
            "version_minor": 0,
            "class_name": "PinholeCameraParameters",
            "intrinsic": {
                "width": 1024,
                "height": 1024,
                "intrinsic_matrix": [
                    1024,
                    0,
                    0,
                    0,
                    1024,
                    0,
                    511.5,
                    511.5,
                    1
                ]
            },
            "extrinsic": [
                0.5877852439880371,
                -0.5720614194869995,
                0.5720614194869995,
                0.0,
                -0.80901700258255,
                -0.4156269431114197,
                0.4156269431114197,
                0.0,
                4.07265724671964e-18,
                -0.7071067690849304,
                -0.7071067690849304,
                0.0,
                -9.418004509598177e-08,
                1.366153679072113e-08,
                3.0,
                1.0
            ]
        },
        {
            "version_major": 1,
            "version_minor": 0,
            "class_name": "PinholeCameraParameters",
            "intrinsic": {
                "width": 1024,
                "height": 1024,
                "intrinsic_matrix": [
                    1024,
                    0,
                    0,
                    0,
                    1024,
                    0,
                    511.5,
                    511.5,
                    1
                ]
            },
            "extrinsic": [
                0.30901700258255005,
                -0.6724985241889954,
                0.6724985241889954,
                0.0,
                -0.9510564804077148,
                -0.21850800514221191,
                0.21850800514221191,
                0.0,
                -4.218528479791835e-18,
                -0.7071067690849304,
                -0.7071067690849304,
                0.0,
                -1.2741005583905007e-08,
                8.787332461679398e-08,
                2.999999761581421,
                1.0
            ]
        },
        {
            "version_major": 1,
            "version_minor": 0,
            "class_name": "PinholeCameraParameters",
            "intrinsic": {
                "width": 1024,
                "height": 1024,
                "intrinsic_matrix": [
                    1024,
                    0,
                    0,
                    0,
                    1024,
                    0,
                    511.5,
                    511.5,
                    1
                ]
            },
            "extrinsic": [
                -6.123234262925839e-17,
                -0.7071067690849304,
                0.7071067690849304,
                0.0,
                -1.0,
                4.329780632585522e-17,
                -4.329780632585522e-17,
                0.0,
                -1.7224878717743918e-33,
                -0.7071067690849304,
                -0.7071067690849304,
                0.0,
                -2.9677128692422665e-24,
                2.2071512053986668e-16,
                3.0,
                1.0
            ]
        },
        {
            "version_major": 1,
            "version_minor": 0,
            "class_name": "PinholeCameraParameters",
            "intrinsic": {
                "width": 1024,
                "height": 1024,
                "intrinsic_matrix": [
                    1024,
                    0,
                    0,
                    0,
                    1024,
                    0,
                    511.5,
                    511.5,
                    1
                ]
            },
            "extrinsic": [
                -0.30901700258255005,
                -0.6724985241889954,
                0.6724985241889954,
                0.0,
                -0.9510564804077148,
                0.21850800514221191,
                -0.21850800514221191,
                0.0,
                4.218528479791835e-18,
                -0.7071067690849304,
                -0.7071067690849304,
                0.0,
                1.2741005583905007e-08,
                8.787332461679398e-08,
                2.999999761581421,
                1.0
            ]
        },
        {
            "version_major": 1,
            "version_minor": 0,
            "class_name": "PinholeCameraParameters",
            "intrinsic": {
                "width": 1024,
                "height": 1024,
                "intrinsic_matrix": [
                    1024,
                    0,
                    0,
                    0,
                    1024,
                    0,
                    511.5,
                    511.5,
                    1
                ]
            },
            "extrinsic": [
                -0.5877852439880371,
                -0.5720614194869995,
                0.5720614194869995,
                0.0,
                -0.80901700258255,
                0.4156269431114197,
                -0.4156269431114197,
                0.0,
                -4.07265724671964e-18,
                -0.7071067690849304,
                -0.7071067690849304,
                0.0,
                9.418004509598177e-08,
                1.366153679072113e-08,
                3.0,
                1.0
            ]
        },
        {
            "version_major": 1,
            "version_minor": 0,
            "class_name": "PinholeCameraParameters",
            "intrinsic": {
                "width": 1024,
                "height": 1024,
                "intrinsic_matrix": [
                    1024,
                    0,
                    0,
                    0,
                    1024,
                    0,
                    511.5,
                    511.5,
                    1
                ]
            },
            "extrinsic": [
                -0.80901700258255,
                -0.4156269431114197,
                0.4156269431114197,
                0.0,
                -0.5877852439880371,
                0.5720614194869995,
                -0.5720614194869995,
                0.0,
                4.07265724671964e-18,
                -0.7071067690849304,
                -0.7071067690849304,
                0.0,
                -9.418004509598177e-08,
                1.366153679072113e-08,
                3.0,
                1.0
            ]
        },
        {
            "version_major": 1,
            "version_minor": 0,
            "class_name": "PinholeCameraParameters",
            "intrinsic": {
                "width": 1024,
                "height": 1024,
                "intrinsic_matrix": [
                    1024,
                    0,
                    0,
                    0,
                    1024,
                    0,
                    511.5,
                    511.5,
                    1
                ]
            },
            "extrinsic": [
                -0.9510564804077148,
                -0.21850800514221191,
                0.21850800514221191,
                0.0,
                -0.30901700258255005,
                0.6724985241889954,
                -0.6724985241889954,
                0.0,
                -4.218528479791835e-18,
                -0.7071067690849304,
                -0.7071067690849304,
                0.0,
                -1.2741005583905007e-08,
                8.787332461679398e-08,
                2.999999761581421,
                1.0
            ]
        },
        {
            "version_major": 1,
            "version_minor": 0,
            "class_name": "PinholeCameraParameters",
            "intrinsic": {
                "width": 1024,
                "height": 1024,
                "intrinsic_matrix": [
                    1024,
                    0,
                    0,
                    0,
                    1024,
                    0,
                    511.5,
                    511.5,
                    1
                ]
            },
            "extrinsic": [
                -1.0,
                0.0,
                -0.0,
                0.0,
                -0.0,
                0.7071067690849304,
                -0.7071067690849304,
                0.0,
                -0.0,
                -0.7071067690849304,
                -0.7071067690849304,
                0.0,
                -0.0,
                2.2071512053986668e-16,
                3.0,
                1.0
            ]
        },
        {
            "version_major": 1,
            "version_minor": 0,
            "class_name": "PinholeCameraParameters",
            "intrinsic": {
                "width": 1024,
                "height": 1024,
                "intrinsic_matrix": [
                    1024,
                    0,
                    0,
                    0,
                    1024,
                    0,
                    511.5,
                    511.5,
                    1
                ]
            },
            "extrinsic": [
                -0.9510564804077148,
                0.21850800514221191,
                -0.21850800514221191,
                0.0,
                0.30901700258255005,
                0.6724985241889954,
                -0.6724985241889954,
                0.0,
                4.218528479791835e-18,
                -0.7071067690849304,
                -0.7071067690849304,
                0.0,
                1.2741005583905007e-08,
                8.787332461679398e-08,
                2.999999761581421,
                1.0
            ]
        },
        {
            "version_major": 1,
            "version_minor": 0,
            "class_name": "PinholeCameraParameters",
            "intrinsic": {
                "width": 1024,
                "height": 1024,
                "intrinsic_matrix": [
                    1024,
                    0,
                    0,
                    0,
                    1024,
                    0,
                    511.5,
                    511.5,
                    1
                ]
            },
            "extrinsic": [
                -0.80901700258255,
                0.4156269431114197,
                -0.4156269431114197,
                0.0,
                0.5877852439880371,
                0.5720614194869995,
                -0.5720614194869995,
                0.0,
                -4.07265724671964e-18,
                -0.7071067690849304,
                -0.7071067690849304,
                0.0,
                9.418004509598177e-08,
                1.366153679072113e-08,
                3.0,
                1.0
            ]
        },
        {
            "version_major": 1,
            "version_minor": 0,
            "class_name": "PinholeCameraParameters",
            "intrinsic": {
                "width": 1024,
                "height": 1024,
                "intrinsic_matrix": [
                    1024,
                    0,
                    0,
                    0,
                    1024,
                    0,
                    511.5,
                    511.5,
                    1
                ]
            },
            "extrinsic": [
                -0.5877852439880371,
                0.5720614194869995,
                -0.5720614194869995,
                0.0,
                0.80901700258255,
                0.4156269431114197,
                -0.4156269431114197,
                0.0,
                4.07265724671964e-18,
                -0.7071067690849304,
                -0.7071067690849304,
                0.0,
                -9.418004509598177e-08,
                1.366153679072113e-08,
                3.0,
                1.0
            ]
        },
        {
            "version_major": 1,
            "version_minor": 0,
            "class_name": "PinholeCameraParameters",
            "intrinsic": {
                "width": 1024,
                "height": 1024,
                "intrinsic_matrix": [
                    1024,
                    0,
                    0,
                    0,
                    1024,
                    0,
                    511.5,
                    511.5,
                    1
                ]
            },
            "extrinsic": [
                -0.30901700258255005,
                0.6724985241889954,
                -0.6724985241889954,
                0.0,
                0.9510564804077148,
                0.21850800514221191,
                -0.21850800514221191,
                0.0,
                -4.218528479791835e-18,
                -0.7071067690849304,
                -0.7071067690849304,
                0.0,
                -1.2741005583905007e-08,
                8.787332461679398e-08,
                2.999999761581421,
                1.0
            ]
        },
        {
            "version_major": 1,
            "version_minor": 0,
            "class_name": "PinholeCameraParameters",
            "intrinsic": {
                "width": 1024,
                "height": 1024,
                "intrinsic_matrix": [
                    1024,
                    0,
                    0,
                    0,
                    1024,
                    0,
                    511.5,
                    511.5,
                    1
                ]
            },
            "extrinsic": [
                -6.123234262925839e-17,
                0.7071067690849304,
                -0.7071067690849304,
                0.0,
                1.0,
                4.329780632585522e-17,
                -4.329780632585522e-17,
                0.0,
                1.7224878717743918e-33,
                -0.7071067690849304,
                -0.7071067690849304,
                0.0,
                2.9677128692422665e-24,
                2.2071512053986668e-16,
                3.0,
                1.0
            ]
        },
        {
            "version_major": 1,
            "version_minor": 0,
            "class_name": "PinholeCameraParameters",
            "intrinsic": {
                "width": 1024,
                "height": 1024,
                "intrinsic_matrix": [
                    1024,
                    0,
                    0,
                    0,
                    1024,
                    0,
                    511.5,
                    511.5,
                    1
                ]
            },
            "extrinsic": [
                0.30901700258255005,
                0.6724985241889954,
                -0.6724985241889954,
                0.0,
                0.9510564804077148,
                -0.21850800514221191,
                0.21850800514221191,
                0.0,
                4.218528479791835e-18,
                -0.7071067690849304,
                -0.7071067690849304,
                0.0,
                1.2741005583905007e-08,
                8.787332461679398e-08,
                2.999999761581421,
                1.0
            ]
        },
        {
            "version_major": 1,
            "version_minor": 0,
            "class_name": "PinholeCameraParameters",
            "intrinsic": {
                "width": 1024,
                "height": 1024,
                "intrinsic_matrix": [
                    1024,
                    0,
                    0,
                    0,
                    1024,
                    0,
                    511.5,
                    511.5,
                    1
                ]
            },
            "extrinsic": [
                0.5877852439880371,
                0.5720614194869995,
                -0.5720614194869995,
                0.0,
                0.80901700258255,
                -0.4156269431114197,
                0.4156269431114197,
                0.0,
                -4.07265724671964e-18,
                -0.7071067690849304,
                -0.7071067690849304,
                0.0,
                9.418004509598177e-08,
                1.366153679072113e-08,
                3.0,
                1.0
            ]
        },
        {
            "version_major": 1,
            "version_minor": 0,
            "class_name": "PinholeCameraParameters",
            "intrinsic": {
                "width": 1024,
                "height": 1024,
                "intrinsic_matrix": [
                    1024,
                    0,
                    0,
                    0,
                    1024,
                    0,
                    511.5,
                    511.5,
                    1
                ]
            },
            "extrinsic": [
                0.80901700258255,
                0.4156269431114197,
                -0.4156269431114197,
                0.0,
                0.5877852439880371,
                -0.5720614194869995,
                0.5720614194869995,
                0.0,
                4.07265724671964e-18,
                -0.7071067690849304,
                -0.7071067690849304,
                0.0,
                -9.418004509598177e-08,
                1.366153679072113e-08,
                3.0,
                1.0
            ]
        },
        {
            "version_major": 1,
            "version_minor": 0,
            "class_name": "PinholeCameraParameters",
            "intrinsic": {
                "width": 1024,
                "height": 1024,
                "intrinsic_matrix": [
                    1024,
                    0,
                    0,
                    0,
                    1024,
                    0,
                    511.5,
                    511.5,
                    1
                ]
            },
            "extrinsic": [
                0.9510564804077148,
                0.21850800514221191,
                -0.21850800514221191,
                0.0,
                0.30901700258255005,
                -0.6724985241889954,
                0.6724985241889954,
                0.0,
                -4.218528479791835e-18,
                -0.7071067690849304,
                -0.7071067690849304,
                0.0,
                -1.2741005583905007e-08,
                8.787332461679398e-08,
                2.999999761581421,
                1.0
            ]
        }
    ]
}