{
    "version_major": 1,
    "version_minor": 0,
    "class_name": "PinholeCameraTrajectory",
    "parameters": [
        {
            "version_major": 1,
            "version_minor": 0,
            "class_name": "PinholeCameraParameters",
            "intrinsic": {
                "width": 1024,
                "height": 1024,
                "intrinsic_matrix": [
                    1024,
                    0,
                    0,
                    0,
                    1024,
                    0,
                    511.5,
                    511.5,
                    1
                ]
            },
            "extrinsic": [
                1.0,
                -3.169619457066008e-17,
                1.1829180391364808e-16,
                0.0,
                -1.2246468525851679e-16,
                -0.258819043636322,
                0.9659258127212524,
                0.0,
                2.254090361717614e-24,
                -0.9659258127212524,
                -0.258819043636322,
                0.0,
                -1.459892812472782e-23,
                -3.08536343140986e-08,
                3.0,
                1.0
            ]
        },
        {
            "version_major": 1,
            "version_minor": 0,
            "class_name": "PinholeCameraParameters",
            "intrinsic": {
                "width": 1024,
                "height": 1024,
                "intrinsic_matrix": [
                    1024,
                    0,
                    0,
                    0,
                    1024,
                    0,
                    511.5,
                    511.5,
                    1
                ]
            },
            "extrinsic": [
                0.9510564804077148,
                -0.07997947931289673,
                0.29848748445510864,
                0.0,
                -0.30901700258255005,
                -0.24615153670310974,
                0.9186500310897827,
                0.0,
                -2.4478039595265955e-09,
                -0.9659258723258972,
                -0.258819043636322,
                0.0,
                -9.924844057707105e-09,
                1.705534913298834e-08,
                3.0,
                1.0
            ]
        },
        {
            "version_major": 1,
            "version_minor": 0,
            "class_name": "PinholeCameraParameters",
            "intrinsic": {
                "width": 1024,
                "height": 1024,
                "intrinsic_matrix": [
                    1024,
                    0,
                    0,
                    0,
                    1024,
                    0,
                    511.5,
                    511.5,
                    1
                ]
            },
            "extrinsic": [
                0.80901700258255,
                -0.15213002264499664,
                0.5677569508552551,
                0.0,
                -0.5877852439880371,
                -0.20938901603221893,
                0.7814504504203796,
                0.0,
                6.818575926104131e-09,
                -0.9659258127212524,
                -0.258819043636322,
                0.0,
                -2.1848292064419184e-08,
                -3.402877268854354e-08,
                3.000000238418579,
                1.0
            ]
        },
        {
            "version_major": 1,
            "version_minor": 0,
            "class_name": "PinholeCameraParameters",
            "intrinsic": {
                "width": 1024,
                "height": 1024,
                "intrinsic_matrix": [
                    1024,
                    0,
                    0,
                    0,
                    1024,
                    0,
                    511.5,
                    511.5,
                    1
                ]
            },
            "extrinsic": [
                0.5877852439880371,
                -0.20938901603221893,
                0.7814504504203796,
                0.0,
                -0.80901700258255,
                -0.15213002264499664,
                0.5677569508552551,
                0.0,
                -6.818575926104131e-09,
                -0.9659258127212524,
                -0.258819043636322,
                0.0,
                2.1848292064419184e-08,
                -3.402877268854354e-08,
                3.000000238418579,
                1.0
            ]
        },
        {
            "version_major": 1,
            "version_minor": 0,
            "class_name": "PinholeCameraParameters",
            "intrinsic": {
                "width": 1024,
                "height": 1024,
                "intrinsic_matrix": [
                    1024,
                    0,
                    0,
                    0,
                    1024,
                    0,
                    511.5,
                    511.5,
                    1
                ]
            },
            "extrinsic": [
                0.30901700258255005,
                -0.24615153670310974,
                0.9186500310897827,
                0.0,
                -0.9510564804077148,
                -0.07997947931289673,
                0.29848748445510864,
                0.0,
                2.4478039595265955e-09,
                -0.9659258723258972,
                -0.258819043636322,
                0.0,
                9.924844057707105e-09,
                1.705534913298834e-08,
                3.0,
                1.0
            ]
        },
        {
            "version_major": 1,
            "version_minor": 0,
            "class_name": "PinholeCameraParameters",
            "intrinsic": {
                "width": 1024,
                "height": 1024,
                "intrinsic_matrix": [
                    1024,
                    0,
                    0,
                    0,
                    1024,
                    0,
                    511.5,
                    511.5,
                    1
                ]
            },
            "extrinsic": [
                -6.123234262925839e-17,
                -0.258819043636322,
                0.9659258127212524,
                0.0,
                -1.0,
                1.584809728533004e-17,
                -5.914590195682404e-17,
                0.0,
                1.127045180858807e-24,
                -0.9659258127212524,
                -0.258819043636322,
                0.0,
                -7.29946406236391e-24,
                -3.08536343140986e-08,
                3.0,
                1.0
            ]
        },
        {
            "version_major": 1,
            "version_minor": 0,
            "class_name": "PinholeCameraParameters",
            "intrinsic": {
                "width": 1024,
                "height": 1024,
                "intrinsic_matrix": [
                    1024,
                    0,
                    0,
                    0,
                    1024,
                    0,
                    511.5,
                    511.5,
                    1
                ]
            },
            "extrinsic": [
                -0.30901700258255005,
                -0.24615153670310974,
                0.9186500310897827,
                0.0,
                -0.9510564804077148,
                0.07997947931289673,
                -0.29848748445510864,
                0.0,
                -2.4478039595265955e-09,
                -0.9659258723258972,
                -0.258819043636322,
                0.0,
                -9.924844057707105e-09,
                1.705534913298834e-08,
                3.0,
                1.0
            ]
        },
        {
            "version_major": 1,
            "version_minor": 0,
            "class_name": "PinholeCameraParameters",
            "intrinsic": {
                "width": 1024,
                "height": 1024,
                "intrinsic_matrix": [
                    1024,
                    0,
                    0,
                    0,
                    1024,
                    0,
                    511.5,
                    511.5,
                    1
                ]
            },
            "extrinsic": [
                -0.5877852439880371,
                -0.20938901603221893,
                0.7814504504203796,
                0.0,
                -0.80901700258255,
                0.15213002264499664,
                -0.5677569508552551,
                0.0,
                6.818575926104131e-09,
                -0.9659258127212524,
                -0.258819043636322,
                0.0,
                -2.1848292064419184e-08,
                -3.402877268854354e-08,
                3.000000238418579,
                1.0
            ]
        },
        {
            "version_major": 1,
            "version_minor": 0,
            "class_name": "PinholeCameraParameters",
            "intrinsic": {
                "width": 1024,
                "height": 1024,
                "intrinsic_matrix": [
                    1024,
                    0,
                    0,
                    0,
                    1024,
                    0,
                    511.5,
                    511.5,
                    1
                ]
            },
            "extrinsic": [
                -0.80901700258255,
                -0.15213002264499664,
                0.5677569508552551,
                0.0,
                -0.5877852439880371,
                0.20938901603221893,
                -0.7814504504203796,
                0.0,
                -6.818575926104131e-09,
                -0.9659258127212524,
                -0.258819043636322,
                0.0,
                2.1848292064419184e-08,
                -3.402877268854354e-08,
                3.000000238418579,
                1.0
            ]
        },
        {
            "version_major": 1,
            "version_minor": 0,
            "class_name": "PinholeCameraParameters",
            "intrinsic": {
                "width": 1024,
                "height": 1024,
                "intrinsic_matrix": [
                    1024,
                    0,
                    0,
                    0,
                    1024,
                    0,
                    511.5,
                    511.5,
                    1
                ]
            },
            "extrinsic": [
                -0.9510564804077148,
                -0.07997947931289673,
                0.29848748445510864,
                0.0,
                -0.30901700258255005,
                0.24615153670310974,
                -0.9186500310897827,
                0.0,
                2.4478039595265955e-09,
                -0.9659258723258972,
                -0.258819043636322,
                0.0,
                9.924844057707105e-09,
                1.705534913298834e-08,
                3.0,
                1.0
            ]
        },
        {
            "version_major": 1,
            "version_minor": 0,
            "class_name": "PinholeCameraParameters",
            "intrinsic": {
                "width": 1024,
                "height": 1024,
                "intrinsic_matrix": [
                    1024,
                    0,
                    0,
                    0,
                    1024,
                    0,
                    511.5,
                    511.5,
                    1
                ]
            },
            "extrinsic": [
                -1.0,
                -0.0,
                -0.0,
                0.0,
                -0.0,
                0.258819043636322,
                -0.9659258127212524,
                0.0,
                -0.0,
                -0.9659258127212524,
                -0.258819043636322,
                0.0,
                -0.0,
                -3.08536343140986e-08,
                3.0,
                1.0
            ]
        },
        {
            "version_major": 1,
            "version_minor": 0,
            "class_name": "PinholeCameraParameters",
            "intrinsic": {
                "width": 1024,
                "height": 1024,
                "intrinsic_matrix": [
                    1024,
                    0,
                    0,
                    0,
                    1024,
                    0,
                    511.5,
                    511.5,
                    1
                ]
            },
            "extrinsic": [
                -0.9510564804077148,
                0.07997947931289673,
                -0.29848748445510864,
                0.0,
                0.30901700258255005,
                0.24615153670310974,
                -0.9186500310897827,
                0.0,
                -2.4478039595265955e-09,
                -0.9659258723258972,
                -0.258819043636322,
                0.0,
                -9.924844057707105e-09,
                1.705534913298834e-08,
                3.0,
                1.0
            ]
        },
        {
            "version_major": 1,
            "version_minor": 0,
            "class_name": "PinholeCameraParameters",
            "intrinsic": {
                "width": 1024,
                "height": 1024,
                "intrinsic_matrix": [
                    1024,
                    0,
                    0,
                    0,
                    1024,
                    0,
                    511.5,
                    511.5,
                    1
                ]
            },
            "extrinsic": [
                -0.80901700258255,
                0.15213002264499664,
                -0.5677569508552551,
                0.0,
                0.5877852439880371,
                0.20938901603221893,
                -0.7814504504203796,
                0.0,
                6.818575926104131e-09,
                -0.9659258127212524,
                -0.258819043636322,
                0.0,
                -2.1848292064419184e-08,
                -3.402877268854354e-08,
                3.000000238418579,
                1.0
            ]
        },
        {
            "version_major": 1,
            "version_minor": 0,
            "class_name": "PinholeCameraParameters",
            "intrinsic": {
                "width": 1024,
                "height": 1024,
                "intrinsic_matrix": [
                    1024,
                    0,
                    0,
                    0,
                    1024,
                    0,
                    511.5,
                    511.5,
                    1
                ]
            },
            "extrinsic": [
                -0.5877852439880371,
                0.20938901603221893,
                -0.7814504504203796,
                0.0,
                0.80901700258255,
                0.15213002264499664,
                -0.5677569508552551,
                0.0,
                -6.818575926104131e-09,
                -0.9659258127212524,
                -0.258819043636322,
                0.0,
                2.1848292064419184e-08,
                -3.402877268854354e-08,
                3.000000238418579,
                1.0
            ]
        },
        {
            "version_major": 1,
            "version_minor": 0,
            "class_name": "PinholeCameraParameters",
            "intrinsic": {
                "width": 1024,
                "height": 1024,
                "intrinsic_matrix": [
                    1024,
                    0,
                    0,
                    0,
                    1024,
                    0,
                    511.5,
                    511.5,
                    1
                ]
            },
            "extrinsic": [
                -0.30901700258255005,
                0.24615153670310974,
                -0.9186500310897827,
                0.0,
                0.9510564804077148,
                0.07997947931289673,
                -0.29848748445510864,
                0.0,
                2.4478039595265955e-09,
                -0.9659258723258972,
                -0.258819043636322,
                0.0,
                9.924844057707105e-09,
                1.705534913298834e-08,
                3.0,
                1.0
            ]
        },
        {
            "version_major": 1,
            "version_minor": 0,
            "class_name": "PinholeCameraParameters",
            "intrinsic": {
                "width": 1024,
                "height": 1024,
                "intrinsic_matrix": [
                    1024,
                    0,
                    0,
                    0,
                    1024,
                    0,
                    511.5,
                    511.5,
                    1
                ]
            },
            "extrinsic": [
                -6.123234262925839e-17,
                0.258819043636322,
                -0.9659258127212524,
                0.0,
                1.0,
                1.584809728533004e-17,
                -5.914590195682404e-17,
                0.0,
                -1.127045180858807e-24,
                -0.9659258127212524,
                -0.258819043636322,
                0.0,
                7.29946406236391e-24,
                -3.08536343140986e-08,
                3.0,
                1.0
            ]
        },
        {
            "version_major": 1,
            "version_minor": 0,
            "class_name": "PinholeCameraParameters",
            "intrinsic": {
                "width": 1024,
                "height": 1024,
                "intrinsic_matrix": [
                    1024,
                    0,
                    0,
                    0,
                    1024,
                    0,
                    511.5,
                    511.5,
                    1
                ]
            },
            "extrinsic": [
                0.30901700258255005,
                0.24615153670310974,
                -0.9186500310897827,
                0.0,
                0.9510564804077148,
                -0.07997947931289673,
                0.29848748445510864,
                0.0,
                -2.4478039595265955e-09,
                -0.9659258723258972,
                -0.258819043636322,
                0.0,
                -9.924844057707105e-09,
                1.705534913298834e-08,
                3.0,
                1.0
            ]
        },
        {
            "version_major": 1,
            "version_minor": 0,
            "class_name": "PinholeCameraParameters",
            "intrinsic": {
                "width": 1024,
                "height": 1024,
                "intrinsic_matrix": [
                    1024,
                    0,
                    0,
                    0,
                    1024,
                    0,
                    511.5,
                    511.5,
                    1
                ]
            },
            "extrinsic": [
                0.5877852439880371,
                0.20938901603221893,
                -0.7814504504203796,
                0.0,
                0.80901700258255,
                -0.15213002264499664,
                0.5677569508552551,
                0.0,
                6.818575926104131e-09,
                -0.9659258127212524,
                -0.258819043636322,
                0.0,
                -2.1848292064419184e-08,
                -3.402877268854354e-08,
                3.000000238418579,
                1.0
            ]
        },
        {
            "version_major": 1,
            "version_minor": 0,
            "class_name": "PinholeCameraParameters",
            "intrinsic": {
                "width": 1024,
                "height": 1024,
                "intrinsic_matrix": [
                    1024,
                    0,
                    0,
                    0,
                    1024,
                    0,
                    511.5,
                    511.5,
                    1
                ]
            },
            "extrinsic": [
                0.80901700258255,
                0.15213002264499664,
                -0.5677569508552551,
                0.0,
                0.5877852439880371,
                -0.20938901603221893,
                0.7814504504203796,
                0.0,
                -6.818575926104131e-09,
                -0.9659258127212524,
                -0.258819043636322,
                0.0,
                2.1848292064419184e-08,
                -3.402877268854354e-08,
                3.000000238418579,
                1.0
            ]
        },
        {
            "version_major": 1,
            "version_minor": 0,
            "class_name": "PinholeCameraParameters",
            "intrinsic": {
                "width": 1024,
                "height": 1024,
                "intrinsic_matrix": [
                    1024,
                    0,
                    0,
                    0,
                    1024,
                    0,
                    511.5,
                    511.5,
                    1
                ]
            },
            "extrinsic": [
                0.9510564804077148,
                0.07997947931289673,
                -0.29848748445510864,
                0.0,
                0.30901700258255005,
                -0.24615153670310974,
                0.9186500310897827,
                0.0,
                2.4478039595265955e-09,
                -0.9659258723258972,
                -0.258819043636322,
                0.0,
                9.924844057707105e-09,
                1.705534913298834e-08,
                3.0,
                1.0
            ]
        }
    ]
}